2,1,2,3,4,1,2,3,4
4,0,1,2,3,4,5,0,0
8,0
4,1,2,3,4,5,0,0,0
16,0
8,1,0,1,1,1
12,1
8,0,1
12,0
8,1,1,1,1,1,1,1
12,0
8,1
12,0
8,1,1,1
12,1,0
8,1
12,0
8,1,1,1,1,1,1
4,1,2,3,4,5,4,3,2,1,2,3,4,3,4,5,6
4,5,4,3,2,1,2,3,4,5,6,5,4,3,4,5,6
4,5,5,4,4,3,3,2,2,1,1,2,2,3,3,4,5
4,6,5,4,3,2,1,2,3,4,5,6,6,6,0
8,0,5,0,2
4,0,2
8,3
4,3
8,2
4,3,2,3
8,0
4,2,4
8,0
4,3
8,0
4,2,1,2,3,4,5,4,3,2,1,2,3,4,5,6,5,4,3,2,1
4,0,2
8,3
4,4
8,5
4,6,5,4
8,0
4,3,2
8,0
4,3
8,0
4,1,2,3,4,5,4,3,2,1,2,3,4,3,4,5,6
4,5,4,3,2,1,2,3,4,5,6,5,4,3,4,5,6
4,5,5,4,4,3,3,2,2,1,1,2,2,3,3,4,5
4,6,5,4,3,2,1,2,3,4,5,6,5,4,3,2,3
4,2,3,2,1,2,3,4,5,6,5,4,0,0,0,0,0
4,0,0,0,0,0,0,0,0,0,0,0,0,0,0,0,0,0,0,0,0,0,0,0,0,0,0,0,0,0,0,0,0,0,0,0,0,0,0,0,0,0,0,0,0,0,0,0,0,0,0,0